-1: 0, 1, 3, 9, 14, 16, 22, 24, 25, 27, 29, 33, 34, 35, 40, 41, 46, 47, 58, 64, 67, 68, 69, 72, 73, 75, 83, 87, 95, 100, 110, 123, 125, 130, 139, 140, 141, 142, 143, 147, 149, 151, 153, 154, 155, 156, 160, 161, 162, 163, 164, 165, 177, 180, 183, 191, 194, 202, 206, 212, 218, 222, 223, 241, 249, 251, 256, 261, 262, 263, 264, 269, 270, 277, 278, 279, 280, 281, 286, 290, 294, 297, 298, 299, 300, 303, 304, 305, 306, 309, 315, 316, 317, 318, 319, 323, 324, 327, 333, 336, 337, 338, 341, 344, 345, 348, 349, 351, 357, 365, 369, 375, 383, 384, 385, 386, 387, 389, 392, 401, 404, 410, 432, 433, 439, 440, 444, 446, 448, 450, 467, 473, 476, 477, 482, 486, 487, 494, 499, 500, 504, 510, 513, 516, 523, 528, 537, 539, 540, 546, 549, 550, 551, 574, 577, 583, 586, 587, 589, 599, 609, 613, 624, 637, 639, 642, 643, 649, 650, 651, 655, 657, 658, 662, 665, 667, 673, 675, 682, 687, 688, 691, 696, 698, 700, 701, 702, 711, 716, 717, 718, 719, 720, 721, 727, 737, 738, 741, 746, 748, 752, 753, 758, 760, 761, 763, 770, 771, 773, 774, 777, 779, 780, 781, 784, 789, 795, 798, 799, 800, 801, 803, 809, 811, 823, 824, 827, 828, 834, 836, 839, 842, 848, 849, 851, 852, 862, 870, 871, 882, 885, 886, 889, 890, 892, 896, 898, 900, 905, 910, 912, 919, 922, 925, 926, 929, 930, 931, 935, 936, 938, 939, 943, 946, 947, 948, 949, 956, 957, 958, 961, 966, 970, 972, 975, 977, 981, 985, 991, 992, 993, 994, 997, 999
-1: 7, 8, 9, 11, 14, 16, 25, 34, 35, 41, 47, 58, 73, 84, 94, 100, 125, 151, 191, 218, 265, 275, 280, 281, 286, 298, 305, 306, 323, 324, 389, 392, 404, 429, 444, 504, 510, 550, 570, 588, 591, 597, 639, 643, 650, 651, 662, 665, 666, 673, 687, 727, 746, 747, 771, 789, 798, 799, 803, 834, 862, 882, 912, 915, 919, 925, 930, 936, 943, 957, 961, 966
-1: 9, 14, 25, 34, 35, 41, 47, 58, 73, 75, 87, 100, 125, 190, 191, 218, 280, 281, 286, 298, 305, 306, 317, 324, 367, 389, 392, 404, 437, 444, 445, 499, 504, 510, 513, 519, 550, 551, 570, 588, 623, 639, 643, 650, 651, 662, 665, 667, 673, 682, 687, 718, 727, 729, 746, 758, 765, 771, 785, 789, 803, 848, 857, 862, 882, 886, 912, 915, 917, 919, 925, 930, 936, 943, 957, 961, 966, 977, 999
-1: 3, 9, 22, 25, 32, 34, 35, 36, 41, 44, 47, 58, 67, 69, 73, 82, 87, 94, 100, 125, 128, 131, 154, 165, 191, 192, 218, 265, 280, 281, 286, 287, 289, 290, 295, 298, 299, 303, 305, 306, 324, 354, 381, 388, 389, 391, 392, 399, 404, 431, 444, 446, 453, 456, 504, 510, 512, 513, 514, 524, 539, 547, 550, 551, 552, 570, 588, 616, 629, 639, 643, 650, 651, 662, 665, 667, 673, 682, 683, 718, 727, 746, 752, 771, 785, 789, 803, 804, 845, 846, 848, 862, 882, 912, 914, 915, 918, 919, 925, 930, 936, 942, 943, 954, 957, 958, 961, 966, 981, 998
-1: 5, 9, 22, 25, 34, 35, 41, 47, 58, 73, 94, 100, 125, 159, 191, 192, 218, 265, 280, 281, 286, 290, 297, 298, 305, 306, 313, 324, 381, 389, 392, 404, 444, 453, 489, 504, 510, 532, 550, 629, 639, 643, 650, 651, 662, 666, 667, 673, 682, 683, 687, 727, 746, 771, 789, 803, 845, 862, 868, 882, 912, 915, 919, 925, 930, 936, 943, 957, 961, 966, 988, 998
-1: 0, 9, 22, 25, 34, 35, 36, 41, 47, 58, 64, 73, 87, 96, 100, 104, 125, 128, 131, 191, 192, 193, 218, 262, 280, 281, 286, 290, 298, 299, 303, 305, 306, 324, 381, 388, 389, 391, 392, 404, 444, 445, 446, 453, 456, 489, 504, 510, 532, 547, 550, 551, 588, 616, 625, 639, 643, 650, 651, 653, 662, 665, 667, 673, 683, 718, 727, 746, 771, 785, 789, 793, 803, 804, 848, 862, 868, 875, 882, 912, 915, 918, 919, 925, 927, 930, 936, 943, 954, 957, 961, 966, 998
-1: 1, 6, 9, 24, 25, 34, 35, 41, 47, 58, 59, 73, 94, 95, 100, 111, 112, 125, 166, 170, 187, 191, 203, 205, 213, 218, 224, 226, 227, 230, 235, 236, 244, 250, 254, 260, 275, 276, 280, 281, 284, 286, 289, 290, 298, 305, 306, 310, 311, 316, 321, 324, 325, 326, 337, 358, 360, 362, 363, 367, 389, 391, 392, 398, 404, 405, 411, 435, 442, 443, 444, 447, 450, 451, 455, 458, 461, 466, 468, 472, 474, 476, 483, 501, 502, 504, 510, 524, 525, 526, 527, 531, 536, 538, 539, 541, 542, 543, 550, 551, 555, 557, 559, 560, 563, 568, 570, 571, 578, 579, 580, 581, 582, 585, 592, 593, 594, 595, 599, 602, 603, 605, 606, 607, 624, 626, 627, 628, 632, 633, 638, 639, 641, 642, 643, 644, 645, 647, 648, 650, 651, 659, 662, 665, 666, 673, 675, 676, 685, 686, 687, 689, 697, 702, 712, 722, 727, 730, 734, 735, 739, 743, 746, 748, 757, 758, 759, 763, 764, 769, 771, 775, 777, 787, 789, 803, 806, 815, 819, 822, 828, 832, 839, 840, 841, 844, 859, 862, 869, 870, 874, 876, 877, 878, 879, 882, 884, 893, 895, 912, 916, 917, 919, 920, 921, 924, 925, 929, 930, 936, 937, 943, 957, 961, 963, 965, 966, 967, 971, 975, 976, 982, 984, 987, 988, 993, 997
-1: 3, 9, 22, 25, 29, 34, 35, 41, 47, 58, 73, 83, 87, 97, 100, 110, 125, 157, 162, 165, 191, 218, 280, 281, 286, 298, 305, 306, 324, 340, 367, 389, 392, 404, 444, 482, 504, 510, 515, 550, 554, 587, 591, 623, 639, 643, 650, 651, 657, 658, 662, 665, 667, 673, 710, 727, 746, 758, 771, 773, 789, 803, 805, 810, 843, 848, 853, 857, 862, 870, 882, 902, 912, 915, 919, 925, 930, 931, 936, 943, 957, 961, 966
-1: 3, 9, 22, 25, 31, 34, 35, 36, 41, 47, 58, 73, 84, 86, 87, 100, 110, 125, 157, 162, 165, 191, 218, 280, 281, 286, 298, 305, 306, 324, 340, 367, 389, 392, 404, 444, 445, 446, 482, 504, 510, 515, 550, 551, 554, 587, 591, 623, 639, 643, 650, 651, 657, 658, 662, 665, 667, 673, 710, 718, 727, 746, 752, 758, 771, 773, 789, 803, 805, 810, 843, 848, 853, 857, 862, 870, 882, 902, 912, 915, 919, 925, 930, 931, 936, 943, 957, 961, 966, 998
-1: 9, 31, 33, 34, 37, 41, 47, 58, 66, 73, 87, 100, 114, 115, 125, 191, 218, 262, 265, 272, 280, 281, 286, 298, 305, 306, 324, 326, 381, 389, 392, 404, 444, 458, 482, 504, 510, 550, 570, 597, 623, 639, 643, 650, 651, 662, 666, 667, 673, 727, 741, 746, 771, 785, 789, 803, 810, 845, 862, 877, 882, 912, 915, 919, 925, 930, 936, 943, 957, 961, 966, 971
-1: 9, 25, 32, 33, 34, 35, 41, 47, 58, 73, 87, 100, 114, 115, 125, 191, 210, 218, 264, 280, 281, 286, 298, 305, 306, 324, 343, 389, 392, 404, 444, 460, 484, 491, 504, 510, 515, 541, 550, 595, 635, 639, 642, 643, 650, 651, 662, 665, 667, 673, 727, 746, 771, 789, 803, 815, 846, 862, 882, 912, 919, 925, 930, 936, 943, 957, 961, 962, 966
-1: 9, 25, 32, 34, 35, 41, 47, 58, 64, 73, 76, 77, 87, 100, 125, 191, 218, 264, 265, 280, 281, 286, 298, 305, 306, 324, 389, 392, 404, 444, 453, 504, 510, 531, 534, 549, 550, 639, 643, 649, 650, 651, 662, 665, 666, 673, 727, 746, 747, 771, 789, 803, 859, 862, 882, 912, 919, 921, 925, 930, 936, 943, 957, 961, 966
-1: 9, 14, 22, 25, 32, 34, 35, 41, 47, 58, 66, 73, 87, 100, 125, 128, 131, 176, 191, 192, 218, 265, 270, 272, 280, 281, 286, 298, 305, 306, 324, 389, 392, 398, 404, 444, 465, 486, 504, 510, 550, 595, 639, 641, 643, 650, 651, 662, 665, 666, 673, 695, 727, 746, 768, 771, 789, 803, 862, 882, 912, 919, 925, 936, 943, 955, 957, 961, 966, 998
-1: 9, 25, 32, 34, 35, 41, 47, 58, 71, 73, 76, 94, 100, 125, 191, 218, 280, 281, 286, 298, 305, 306, 324, 389, 392, 404, 444, 475, 504, 510, 550, 639, 643, 650, 651, 662, 665, 666, 673, 727, 746, 771, 789, 803, 816, 862, 882, 898, 912, 915, 919, 925, 930, 936, 943, 957, 961, 966
-1: 9, 25, 32, 34, 35, 41, 47, 58, 67, 73, 87, 100, 104, 125, 191, 210, 218, 264, 280, 281, 286, 298, 305, 306, 324, 343, 389, 392, 404, 444, 460, 484, 491, 504, 510, 515, 541, 550, 635, 639, 642, 643, 650, 651, 662, 665, 667, 673, 727, 746, 771, 789, 803, 815, 862, 882, 912, 919, 925, 930, 936, 943, 957, 961, 962, 966
-1: 3, 9, 10, 14, 25, 33, 34, 35, 41, 47, 58, 71, 72, 73, 94, 100, 125, 191, 218, 252, 265, 280, 281, 286, 298, 305, 306, 311, 324, 331, 354, 359, 373, 389, 391, 392, 404, 409, 444, 445, 446, 465, 495, 504, 510, 539, 550, 551, 555, 620, 622, 623, 635, 639, 643, 650, 651, 662, 666, 667, 673, 718, 726, 727, 741, 746, 763, 771, 789, 803, 809, 839, 848, 862, 882, 886, 902, 912, 919, 921, 925, 929, 930, 936, 943, 957, 961, 966, 976, 995, 998
-1: 9, 22, 24, 33, 34, 37, 41, 46, 47, 58, 59, 66, 67, 71, 73, 100, 103, 109, 110, 124, 125, 153, 191, 204, 218, 265, 280, 281, 286, 298, 299, 305, 306, 322, 324, 329, 362, 389, 392, 395, 404, 444, 445, 457, 482, 504, 510, 520, 528, 549, 550, 551, 552, 570, 588, 591, 639, 643, 650, 651, 656, 662, 665, 667, 673, 682, 718, 727, 746, 752, 771, 789, 803, 848, 862, 882, 911, 912, 915, 919, 925, 930, 936, 943, 957, 961, 966
-1: 9, 11, 33, 34, 36, 37, 47, 53, 58, 59, 73, 87, 94, 100, 125, 191, 218, 280, 281, 286, 298, 305, 306, 324, 389, 392, 404, 444, 504, 510, 550, 551, 556, 608, 639, 643, 650, 651, 662, 665, 666, 673, 727, 740, 746, 771, 789, 803, 862, 882, 912, 919, 925, 930, 936, 943, 957, 961, 966, 998
-1: 0, 9, 25, 29, 34, 35, 41, 46, 47, 58, 71, 77, 79, 81, 94, 100, 125, 128, 131, 170, 191, 218, 280, 281, 286, 298, 301, 305, 306, 308, 315, 324, 325, 327, 379, 389, 392, 404, 431, 436, 446, 475, 499, 504, 510, 512, 540, 547, 548, 551, 572, 601, 639, 643, 650, 651, 662, 665, 666, 673, 687, 718, 727, 746, 752, 763, 771, 789, 803, 816, 845, 848, 854, 862, 882, 888, 912, 918, 919, 925, 930, 933, 936, 943, 957, 961, 966, 980
-1: 2, 5, 9, 22, 27, 31, 32, 33, 37, 38, 44, 46, 47, 51, 64, 66, 71, 72, 75, 76, 77, 80, 82, 83, 100, 125, 159, 163, 181, 189, 191, 214, 218, 229, 242, 262, 273, 280, 281, 282, 286, 298, 303, 324, 358, 381, 389, 390, 392, 400, 404, 409, 459, 476, 492, 494, 496, 499, 504, 510, 517, 548, 550, 552, 588, 604, 613, 614, 618, 639, 643, 650, 651, 654, 662, 668, 684, 688, 711, 716, 727, 746, 771, 789, 803, 807, 815, 828, 833, 846, 860, 882, 888, 912, 919, 928, 930, 936, 940, 943, 950, 957, 961, 966, 971, 977, 990, 994
-1: 6, 9, 13, 34, 36, 37, 40, 47, 53, 58, 67, 71, 100, 125, 191, 192, 200, 218, 224, 264, 280, 281, 286, 287, 298, 305, 306, 324, 343, 383, 389, 392, 404, 449, 460, 491, 504, 510, 534, 540, 548, 574, 639, 642, 643, 650, 651, 662, 665, 667, 673, 674, 727, 746, 754, 771, 789, 803, 804, 809, 862, 882, 885, 888, 912, 915, 919, 925, 930, 936, 943, 957, 961, 962, 966, 998
-1: 9, 10, 12, 22, 25, 31, 34, 35, 41, 47, 58, 73, 77, 87, 100, 125, 191, 218, 240, 265, 280, 281, 286, 297, 298, 305, 306, 324, 325, 326, 368, 389, 392, 404, 445, 446, 453, 479, 480, 482, 504, 510, 540, 548, 551, 610, 639, 643, 650, 651, 655, 662, 665, 667, 673, 683, 684, 718, 726, 727, 728, 743, 746, 752, 771, 789, 800, 803, 804, 848, 862, 873, 882, 912, 915, 919, 925, 930, 934, 936, 943, 957, 961, 966
-1: 9, 12, 13, 16, 23, 34, 37, 41, 47, 58, 66, 100, 112, 114, 117, 125, 179, 191, 218, 224, 280, 281, 286, 298, 305, 306, 320, 324, 358, 378, 389, 392, 398, 404, 504, 505, 510, 539, 548, 549, 580, 623, 639, 641, 643, 645, 650, 651, 655, 660, 662, 665, 667, 673, 674, 727, 746, 771, 775, 789, 798, 803, 815, 821, 839, 862, 873, 878, 882, 912, 914, 919, 925, 930, 936, 943, 957, 961, 966, 981, 988, 998
-1: 9, 14, 25, 34, 35, 41, 44, 47, 58, 73, 76, 84, 87, 97, 98, 100, 116, 125, 128, 165, 176, 183, 191, 192, 218, 265, 280, 281, 286, 298, 305, 306, 324, 326, 329, 354, 355, 380, 389, 391, 392, 404, 445, 446, 495, 504, 510, 539, 541, 548, 551, 557, 587, 589, 620, 621, 639, 643, 650, 651, 655, 662, 665, 667, 673, 682, 695, 718, 727, 746, 752, 771, 789, 803, 804, 817, 820, 845, 848, 859, 862, 882, 886, 911, 912, 915, 919, 925, 926, 929, 930, 936, 943, 957, 961, 966, 971, 980, 998
-1: 0, 1, 3, 9, 14, 22, 24, 25, 27, 29, 32, 33, 34, 35, 41, 44, 46, 47, 58, 59, 66, 69, 71, 72, 73, 75, 80, 84, 87, 94, 100, 104, 125, 130, 139, 140, 141, 142, 143, 147, 151, 153, 154, 155, 156, 160, 163, 164, 165, 166, 178, 180, 183, 187, 191, 194, 202, 206, 215, 218, 222, 223, 241, 247, 249, 256, 261, 262, 263, 264, 270, 277, 278, 279, 280, 281, 286, 288, 290, 292, 294, 297, 298, 299, 300, 303, 304, 305, 306, 307, 309, 316, 317, 319, 323, 324, 328, 333, 338, 341, 344, 345, 348, 349, 351, 369, 373, 375, 376, 377, 383, 384, 385, 386, 387, 389, 390, 392, 399, 401, 403, 404, 410, 429, 432, 444, 446, 451, 459, 462, 467, 473, 477, 486, 487, 493, 494, 499, 500, 504, 509, 510, 511, 513, 516, 518, 520, 521, 522, 534, 537, 540, 546, 548, 549, 551, 574, 577, 583, 585, 594, 597, 599, 604, 611, 613, 620, 630, 634, 635, 637, 639, 642, 643, 644, 649, 650, 651, 655, 658, 659, 662, 665, 667, 673, 675, 687, 688, 691, 694, 698, 700, 702, 714, 716, 717, 718, 720, 721, 725, 727, 737, 738, 746, 747, 748, 749, 752, 758, 761, 762, 763, 771, 774, 777, 780, 781, 784, 788, 789, 793, 795, 798, 799, 800, 803, 804, 809, 810, 811, 821, 823, 824, 825, 826, 827, 828, 834, 836, 839, 842, 848, 849, 851, 852, 862, 870, 871, 873, 882, 884, 885, 891, 892, 896, 898, 905, 907, 908, 910, 912, 919, 922, 923, 925, 930, 936, 939, 943, 946, 947, 948, 949, 956, 957, 958, 959, 961, 966, 970, 975, 977, 985, 991, 992, 993, 994, 997, 999
-1: 8, 9, 16, 24, 25, 27, 34, 35, 40, 41, 47, 58, 82, 94, 100, 118, 125, 170, 187, 191, 203, 205, 207, 213, 218, 221, 224, 226, 227, 230, 235, 236, 238, 244, 250, 254, 256, 268, 269, 270, 275, 276, 280, 281, 284, 286, 287, 295, 298, 304, 305, 306, 310, 311, 315, 321, 324, 325, 326, 337, 348, 358, 359, 360, 363, 376, 389, 390, 391, 392, 398, 404, 411, 435, 442, 443, 446, 447, 450, 455, 461, 472, 474, 483, 499, 501, 502, 504, 510, 513, 524, 525, 526, 527, 528, 531, 536, 538, 539, 541, 542, 543, 548, 551, 555, 557, 559, 560, 563, 568, 571, 578, 579, 580, 582, 585, 592, 593, 595, 602, 603, 605, 606, 607, 609, 612, 613, 617, 624, 626, 627, 628, 632, 633, 638, 639, 641, 642, 643, 645, 647, 648, 650, 651, 655, 659, 662, 665, 666, 673, 676, 685, 686, 687, 689, 712, 716, 721, 722, 727, 730, 734, 735, 746, 757, 758, 759, 764, 765, 766, 769, 771, 774, 784, 785, 787, 789, 803, 806, 809, 814, 815, 819, 832, 839, 840, 841, 844, 859, 862, 869, 874, 876, 877, 878, 879, 882, 884, 887, 889, 893, 895, 910, 912, 916, 917, 919, 920, 921, 923, 924, 925, 929, 930, 936, 943, 946, 956, 957, 958, 961, 963, 965, 966, 967, 976, 981, 982, 984, 987, 988, 989, 997
-1: 9, 16, 23, 34, 37, 41, 47, 58, 66, 86, 87, 100, 118, 125, 191, 218, 262, 269, 280, 281, 286, 298, 305, 306, 324, 389, 392, 404, 431, 482, 504, 510, 548, 552, 608, 617, 639, 643, 650, 651, 655, 662, 666, 667, 673, 727, 740, 746, 771, 789, 803, 862, 882, 912, 915, 919, 925, 936, 943, 957, 961, 966, 971, 998
-1: 8, 9, 10, 16, 22, 24, 25, 26, 27, 34, 35, 36, 38, 41, 44, 46, 47, 53, 58, 59, 73, 75, 76, 77, 80, 82, 87, 94, 96, 100, 103, 112, 114, 119, 125, 128, 131, 165, 179, 191, 192, 218, 240, 265, 269, 270, 280, 281, 286, 287, 290, 294, 297, 298, 305, 306, 315, 324, 354, 365, 368, 378, 389, 392, 404, 409, 429, 445, 446, 453, 479, 480, 495, 504, 510, 513, 540, 548, 551, 570, 587, 588, 591, 597, 610, 613, 639, 643, 650, 651, 655, 656, 662, 666, 667, 673, 682, 683, 684, 687, 695, 711, 718, 726, 727, 728, 743, 746, 752, 762, 771, 777, 778, 789, 794, 800, 803, 804, 815, 821, 843, 848, 859, 862, 877, 882, 910, 912, 914, 915, 919, 923, 925, 926, 930, 934, 936, 942, 943, 957, 958, 961, 966, 976, 980, 998
-1: 5, 9, 22, 23, 34, 37, 41, 47, 58, 66, 99, 100, 125, 191, 218, 274, 280, 281, 286, 298, 305, 306, 320, 324, 378, 389, 392, 404, 442, 443, 452, 504, 510, 531, 548, 582, 596, 608, 639, 643, 650, 651, 655, 662, 666, 667, 673, 681, 687, 727, 728, 740, 746, 771, 789, 803, 839, 840, 862, 882, 912, 919, 925, 930, 936, 943, 953, 957, 961, 966, 998
-1: 1, 9, 22, 24, 25, 34, 35, 41, 45, 47, 53, 58, 59, 75, 94, 99, 100, 104, 124, 125, 150, 167, 168, 177, 184, 185, 186, 191, 206, 214, 218, 223, 224, 236, 246, 247, 251, 258, 259, 261, 274, 280, 281, 286, 289, 290, 291, 298, 305, 306, 307, 324, 329, 332, 369, 375, 389, 390, 392, 398, 404, 437, 445, 447, 450, 458, 466, 486, 495, 502, 504, 509, 510, 512, 522, 539, 548, 552, 563, 570, 580, 583, 584, 588, 594, 604, 606, 609, 620, 624, 639, 641, 643, 646, 647, 650, 651, 655, 662, 665, 666, 669, 673, 675, 676, 682, 696, 697, 710, 725, 727, 736, 738, 743, 746, 747, 748, 755, 763, 770, 771, 775, 776, 777, 787, 789, 801, 803, 810, 812, 822, 828, 845, 862, 869, 871, 882, 890, 901, 908, 912, 919, 922, 925, 928, 930, 936, 938, 943, 949, 957, 961, 963, 966, 971, 975, 981, 991, 997
-1: 0, 7, 8, 9, 12, 13, 24, 25, 27, 31, 32, 34, 35, 41, 47, 58, 72, 87, 100, 125, 184, 191, 218, 262, 275, 280, 281, 286, 298, 305, 306, 317, 323, 324, 348, 389, 392, 404, 429, 437, 486, 504, 510, 519, 548, 559, 590, 639, 643, 650, 651, 655, 662, 665, 673, 674, 716, 726, 727, 746, 768, 771, 789, 793, 794, 800, 801, 803, 842, 862, 880, 882, 912, 919, 925, 930, 936, 943, 955, 957, 961, 966
-1: 1, 9, 22, 24, 25, 27, 32, 34, 35, 41, 47, 58, 73, 86, 87, 100, 105, 114, 115, 125, 152, 158, 191, 206, 210, 211, 218, 264, 265, 272, 280, 281, 286, 295, 298, 305, 306, 315, 316, 324, 325, 326, 328, 330, 340, 344, 358, 367, 381, 388, 389, 392, 394, 404, 437, 445, 455, 465, 478, 486, 504, 505, 510, 513, 539, 548, 549, 551, 552, 567, 570, 588, 596, 620, 624, 636, 639, 643, 649, 650, 651, 655, 656, 657, 658, 659, 662, 665, 667, 673, 700, 715, 718, 721, 727, 738, 746, 752, 758, 768, 771, 789, 800, 801, 803, 804, 809, 814, 815, 818, 845, 848, 859, 862, 877, 878, 882, 908, 912, 915, 919, 925, 930, 936, 943, 957, 961, 966, 973, 988, 997
-1: 9, 10, 12, 25, 29, 31, 34, 35, 41, 47, 58, 72, 75, 94, 100, 125, 191, 206, 218, 265, 280, 281, 286, 295, 298, 305, 306, 307, 311, 324, 329, 350, 389, 392, 398, 404, 445, 489, 504, 510, 531, 532, 548, 551, 570, 588, 639, 643, 644, 649, 650, 651, 655, 662, 666, 667, 673, 681, 727, 746, 766, 771, 785, 789, 794, 800, 803, 807, 831, 839, 862, 882, 902, 912, 919, 925, 930, 936, 943, 957, 961, 964, 966, 997, 998
-1: 0, 9, 13, 24, 25, 31, 33, 34, 35, 41, 47, 58, 75, 76, 79, 87, 100, 125, 191, 218, 265, 266, 280, 281, 286, 298, 302, 305, 306, 324, 389, 392, 404, 504, 505, 510, 524, 548, 549, 639, 643, 650, 651, 655, 662, 665, 673, 674, 700, 727, 746, 771, 789, 803, 810, 815, 836, 862, 882, 912, 914, 916, 919, 922, 925, 926, 930, 936, 943, 957, 961, 966, 988
-1: 9, 25, 31, 34, 35, 41, 45, 47, 58, 94, 100, 125, 191, 218, 280, 281, 286, 298, 305, 306, 324, 331, 389, 392, 404, 458, 475, 504, 510, 512, 539, 548, 570, 588, 589, 639, 643, 650, 651, 655, 662, 665, 666, 673, 690, 700, 727, 741, 746, 771, 789, 803, 816, 845, 862, 882, 912, 915, 919, 925, 930, 936, 943, 957, 961, 966, 980, 994
-1: 9, 16, 25, 31, 34, 35, 41, 47, 58, 94, 97, 100, 125, 191, 218, 265, 280, 281, 286, 298, 305, 306, 324, 358, 389, 392, 404, 485, 504, 510, 513, 545, 548, 639, 643, 650, 651, 655, 662, 666, 667, 673, 727, 746, 765, 771, 789, 803, 862, 882, 912, 919, 925, 930, 936, 943, 957, 961, 966, 995, 998
-1: 0, 9, 24, 25, 31, 34, 35, 40, 41, 46, 47, 58, 75, 94, 98, 100, 103, 104, 125, 191, 218, 280, 281, 286, 298, 305, 306, 324, 327, 378, 389, 392, 404, 429, 431, 432, 440, 452, 457, 485, 502, 504, 505, 510, 540, 548, 549, 563, 566, 585, 607, 612, 621, 629, 635, 639, 642, 643, 650, 651, 655, 659, 662, 665, 666, 673, 687, 727, 746, 752, 771, 773, 789, 803, 804, 805, 826, 862, 882, 912, 915, 919, 925, 930, 936, 943, 952, 957, 961, 966, 988, 997
-1: 9, 22, 25, 32, 34, 35, 41, 47, 58, 87, 96, 100, 125, 165, 191, 218, 280, 281, 286, 293, 298, 305, 306, 324, 389, 392, 404, 440, 453, 458, 504, 510, 548, 613, 617, 639, 643, 650, 651, 655, 662, 665, 667, 673, 683, 711, 727, 746, 771, 789, 803, 850, 862, 882, 912, 915, 919, 925, 930, 936, 943, 957, 961, 966, 972, 998
-1: 0, 1, 6, 9, 13, 22, 24, 25, 27, 29, 31, 32, 33, 34, 35, 36, 38, 40, 41, 45, 47, 53, 58, 59, 66, 67, 75, 82, 83, 84, 86, 87, 95, 100, 101, 102, 109, 112, 115, 118, 123, 124, 125, 130, 135, 172, 173, 191, 201, 209, 218, 256, 265, 275, 280, 281, 286, 298, 305, 306, 312, 323, 324, 328, 330, 340, 342, 361, 389, 392, 394, 396, 404, 434, 464, 478, 490, 504, 505, 510, 531, 533, 539, 548, 549, 576, 583, 604, 619, 623, 631, 639, 641, 643, 644, 645, 650, 651, 655, 657, 660, 661, 662, 665, 671, 673, 674, 697, 723, 727, 740, 746, 750, 765, 771, 789, 803, 808, 815, 829, 838, 840, 855, 862, 864, 865, 882, 894, 908, 912, 919, 921, 925, 929, 930, 931, 936, 943, 957, 961, 966, 988
-1: 9, 25, 33, 34, 35, 41, 47, 58, 87, 98, 99, 100, 117, 125, 155, 166, 191, 218, 265, 278, 280, 281, 286, 288, 298, 305, 306, 307, 313, 320, 324, 326, 359, 378, 389, 391, 392, 393, 398, 404, 452, 478, 485, 504, 510, 513, 521, 523, 532, 534, 539, 545, 548, 567, 570, 582, 588, 639, 643, 645, 650, 651, 655, 662, 665, 667, 673, 716, 727, 746, 771, 778, 789, 801, 803, 805, 817, 818, 839, 855, 862, 882, 893, 912, 919, 925, 929, 930, 936, 943, 957, 961, 966, 971, 975, 981, 989
-1: 1, 9, 25, 32, 34, 35, 36, 40, 41, 47, 58, 69, 83, 86, 94, 100, 125, 156, 158, 170, 180, 184, 191, 203, 205, 206, 213, 218, 221, 224, 226, 227, 230, 235, 236, 244, 250, 251, 254, 256, 259, 260, 270, 274, 275, 276, 279, 280, 281, 284, 286, 288, 290, 291, 298, 305, 306, 310, 311, 321, 324, 325, 326, 328, 355, 358, 359, 360, 363, 382, 384, 389, 391, 392, 398, 404, 405, 410, 411, 435, 440, 442, 443, 447, 449, 450, 451, 455, 461, 472, 474, 483, 495, 499, 501, 502, 504, 510, 513, 522, 524, 525, 526, 527, 528, 531, 536, 538, 539, 540, 541, 542, 543, 547, 548, 549, 555, 557, 559, 560, 562, 563, 568, 571, 578, 579, 580, 582, 583, 585, 592, 593, 595, 602, 603, 605, 606, 607, 612, 620, 624, 626, 627, 628, 630, 632, 633, 638, 639, 641, 642, 643, 645, 647, 648, 649, 650, 651, 655, 659, 662, 665, 666, 673, 676, 685, 686, 687, 689, 712, 722, 727, 730, 734, 735, 737, 743, 746, 757, 758, 759, 764, 769, 770, 771, 775, 787, 788, 789, 799, 803, 806, 809, 812, 814, 815, 819, 828, 832, 835, 839, 840, 841, 844, 849, 850, 859, 862, 869, 871, 874, 876, 877, 878, 879, 882, 884, 893, 895, 912, 916, 917, 919, 920, 921, 924, 925, 929, 930, 936, 937, 938, 943, 949, 957, 961, 963, 965, 966, 967, 976, 982, 987, 988, 989, 994
-1: 9, 25, 34, 35, 36, 41, 47, 58, 66, 75, 94, 100, 125, 191, 218, 280, 281, 286, 298, 305, 306, 320, 324, 389, 392, 404, 453, 497, 499, 504, 510, 548, 623, 639, 641, 643, 650, 651, 655, 662, 666, 667, 673, 683, 727, 729, 746, 771, 789, 798, 803, 862, 882, 912, 919, 925, 930, 936, 943, 957, 961, 966, 994
-1: 0, 3, 6, 7, 9, 10, 22, 25, 34, 35, 36, 40, 41, 44, 45, 46, 47, 58, 59, 69, 73, 87, 95, 96, 97, 100, 111, 125, 191, 192, 218, 239, 253, 256, 257, 265, 280, 281, 286, 288, 295, 296, 298, 303, 305, 306, 323, 324, 326, 350, 354, 374, 389, 391, 392, 404, 409, 410, 429, 445, 446, 448, 504, 509, 510, 513, 522, 531, 548, 549, 551, 587, 589, 595, 612, 624, 639, 643, 645, 650, 651, 655, 662, 665, 667, 673, 711, 718, 727, 746, 752, 758, 771, 778, 782, 789, 800, 803, 807, 815, 831, 843, 848, 862, 871, 882, 901, 907, 912, 914, 919, 925, 930, 936, 943, 949, 957, 958, 961, 966, 975, 988
-1: 9, 25, 34, 35, 38, 40, 41, 47, 58, 59, 67, 73, 87, 100, 125, 156, 165, 166, 175, 191, 218, 224, 239, 256, 265, 280, 281, 286, 295, 296, 297, 298, 302, 305, 306, 317, 323, 324, 325, 326, 346, 348, 355, 356, 365, 374, 375, 381, 384, 389, 391, 392, 404, 406, 437, 445, 449, 451, 476, 482, 499, 504, 510, 513, 514, 520, 522, 524, 541, 548, 551, 552, 555, 570, 584, 588, 596, 604, 613, 617, 629, 634, 635, 639, 641, 643, 644, 650, 651, 655, 656, 662, 665, 667, 673, 711, 718, 727, 736, 741, 746, 752, 758, 771, 774, 789, 791, 793, 797, 798, 803, 804, 807, 815, 828, 830, 831, 845, 846, 848, 859, 862, 873, 882, 889, 912, 919, 922, 925, 926, 928, 930, 936, 942, 943, 946, 957, 958, 961, 966, 972, 981, 988, 991, 994
-1: 9, 25, 34, 35, 40, 41, 44, 47, 53, 58, 87, 100, 125, 152, 191, 218, 280, 281, 286, 290, 295, 298, 305, 306, 324, 389, 392, 404, 431, 504, 510, 548, 563, 567, 636, 639, 643, 650, 651, 655, 662, 665, 667, 673, 727, 746, 771, 789, 803, 862, 882, 912, 919, 925, 930, 936, 943, 957, 961, 966, 998
-1: 0, 9, 13, 22, 25, 34, 35, 41, 47, 58, 59, 79, 80, 94, 100, 125, 184, 191, 218, 246, 280, 281, 286, 298, 305, 306, 323, 324, 330, 389, 392, 404, 504, 510, 548, 552, 570, 639, 643, 650, 651, 655, 662, 665, 666, 673, 674, 727, 746, 771, 789, 794, 803, 822, 835, 842, 859, 862, 882, 912, 919, 922, 925, 930, 936, 941, 943, 957, 961, 966
-1: 1, 5, 9, 25, 34, 35, 36, 38, 41, 44, 47, 58, 59, 65, 73, 75, 87, 100, 116, 117, 125, 158, 187, 191, 192, 218, 239, 260, 262, 265, 269, 280, 281, 286, 295, 297, 298, 303, 305, 306, 324, 333, 341, 348, 357, 365, 373, 381, 389, 392, 399, 404, 432, 437, 446, 452, 482, 499, 504, 510, 513, 514, 518, 521, 522, 540, 548, 549, 551, 552, 558, 563, 570, 596, 613, 616, 639, 643, 650, 651, 655, 656, 662, 665, 667, 673, 687, 718, 727, 736, 746, 748, 749, 752, 758, 770, 771, 774, 775, 789, 791, 794, 797, 798, 803, 804, 807, 825, 828, 831, 843, 845, 846, 848, 849, 862, 876, 882, 912, 915, 919, 922, 925, 926, 928, 930, 936, 943, 946, 957, 958, 961, 966, 994, 997, 999
-1: 9, 12, 25, 34, 35, 40, 41, 47, 58, 71, 75, 94, 100, 125, 191, 218, 265, 280, 281, 286, 298, 305, 306, 324, 326, 389, 392, 404, 445, 475, 504, 510, 523, 539, 548, 549, 556, 639, 643, 650, 651, 662, 665, 666, 673, 727, 746, 747, 771, 789, 803, 816, 862, 882, 887, 912, 919, 925, 930, 936, 941, 943, 957, 961, 966
-1: 9, 12, 25, 34, 35, 41, 46, 47, 58, 71, 72, 81, 94, 100, 113, 125, 128, 131, 191, 200, 218, 251, 265, 267, 280, 281, 286, 298, 301, 305, 306, 308, 324, 346, 350, 379, 381, 389, 392, 404, 436, 440, 475, 482, 486, 495, 498, 499, 504, 510, 520, 548, 552, 572, 634, 639, 643, 650, 651, 662, 665, 666, 673, 687, 688, 727, 746, 748, 763, 768, 771, 772, 773, 789, 803, 816, 818, 862, 882, 912, 915, 919, 925, 930, 933, 935, 936, 941, 943, 944, 955, 957, 961, 966, 972, 974, 994, 998
-1: 0, 3, 5, 6, 9, 10, 12, 13, 16, 22, 25, 33, 34, 35, 37, 38, 41, 47, 53, 58, 62, 65, 70, 97, 104, 109, 114, 115, 117, 118, 119, 136, 171, 255, 256, 265, 266, 271, 273, 275, 286, 298, 305, 324, 357, 359, 392, 400, 429, 458, 459, 504, 509, 515, 519, 548, 549, 552, 561, 570, 588, 597, 613, 614, 615, 616, 639, 643, 650, 656, 663, 665, 673, 674, 684, 714, 718, 721, 727, 733, 741, 746, 752, 789, 803, 848, 849, 861, 862, 880, 882, 906, 912, 922, 941, 943, 950, 951, 966
-1: 0, 5, 7, 9, 14, 25, 34, 35, 41, 46, 47, 58, 81, 94, 97, 100, 125, 128, 131, 159, 191, 207, 218, 265, 280, 281, 286, 290, 298, 301, 305, 306, 308, 317, 324, 350, 375, 379, 381, 383, 389, 392, 404, 436, 440, 459, 466, 475, 491, 499, 504, 510, 513, 540, 548, 549, 552, 572, 597, 639, 643, 650, 651, 656, 658, 662, 665, 666, 673, 684, 687, 700, 718, 727, 741, 746, 747, 752, 763, 771, 789, 794, 803, 816, 848, 854, 862, 882, 912, 919, 925, 930, 933, 936, 941, 943, 944, 957, 961, 966, 972, 993, 998
-1: 1, 5, 9, 12, 13, 14, 16, 22, 34, 36, 37, 47, 58, 71, 87, 94, 100, 125, 191, 192, 205, 207, 218, 228, 252, 264, 265, 275, 280, 281, 286, 298, 305, 306, 307, 317, 324, 325, 329, 330, 340, 389, 392, 396, 404, 441, 446, 450, 495, 504, 510, 548, 549, 551, 567, 570, 588, 613, 639, 643, 644, 650, 651, 656, 657, 662, 665, 666, 673, 674, 687, 718, 727, 739, 746, 747, 752, 765, 771, 789, 803, 839, 848, 862, 882, 886, 910, 912, 915, 919, 925, 930, 936, 941, 943, 957, 961, 966, 973, 997, 998
-1: 0, 3, 6, 7, 9, 10, 12, 13, 22, 24, 25, 29, 34, 35, 36, 38, 39, 40, 41, 44, 47, 51, 52, 56, 58, 61, 65, 67, 69, 76, 77, 99, 248, 255, 256, 266, 286, 292, 297, 298, 305, 324, 335, 339, 353, 371, 372, 377, 381, 382, 392, 400, 407, 463, 498, 499, 504, 507, 508, 513, 519, 548, 600, 615, 639, 643, 663, 665, 673, 674, 693, 710, 711, 713, 727, 733, 779, 789, 796, 797, 802, 803, 849, 850, 860, 861, 862, 869, 870, 872, 882, 883, 897, 906, 909, 937, 941, 951, 952, 955, 960, 968, 978, 994
-1: 9, 22, 24, 25, 33, 34, 35, 36, 41, 47, 58, 94, 100, 123, 125, 135, 158, 191, 192, 207, 218, 275, 280, 281, 286, 293, 298, 299, 303, 305, 306, 315, 317, 324, 329, 346, 357, 389, 391, 392, 404, 405, 450, 459, 466, 467, 488, 504, 510, 514, 548, 634, 639, 643, 650, 651, 662, 666, 667, 673, 687, 710, 715, 725, 727, 746, 762, 770, 771, 776, 777, 778, 789, 790, 803, 850, 862, 882, 890, 908, 910, 912, 914, 919, 925, 930, 936, 941, 943, 957, 961, 964, 966, 991, 997, 998
-1: 3, 6, 7, 9, 10, 12, 13, 16, 22, 24, 25, 29, 30, 33, 34, 35, 36, 38, 40, 41, 47, 50, 53, 58, 61, 65, 70, 76, 82, 87, 94, 98, 113, 118, 129, 154, 159, 189, 192, 193, 197, 229, 231, 232, 237, 242, 266, 273, 282, 286, 287, 294, 297, 298, 303, 305, 324, 347, 354, 389, 391, 392, 397, 400, 404, 430, 451, 462, 476, 497, 498, 499, 504, 510, 513, 515, 516, 529, 548, 594, 596, 613, 615, 625, 639, 640, 643, 650, 654, 663, 665, 668, 673, 674, 706, 707, 727, 733, 746, 754, 756, 785, 789, 790, 803, 837, 846, 849, 856, 860, 861, 862, 882, 901, 903, 906, 910, 912, 936, 937, 941, 943, 951, 956, 966, 977, 991, 994
-1: 0, 3, 6, 7, 9, 10, 12, 13, 22, 24, 25, 29, 34, 35, 38, 39, 41, 47, 51, 52, 56, 58, 61, 65, 67, 76, 77, 79, 86, 94, 103, 248, 255, 256, 266, 286, 292, 297, 298, 305, 324, 335, 339, 353, 371, 372, 377, 381, 382, 392, 400, 407, 463, 498, 499, 504, 507, 508, 513, 519, 548, 600, 615, 639, 643, 663, 665, 673, 674, 693, 710, 711, 713, 727, 733, 779, 789, 796, 797, 802, 803, 849, 850, 860, 861, 862, 869, 870, 872, 882, 883, 897, 906, 909, 937, 941, 951, 952, 955, 960, 968, 978, 994
-1: 6, 9, 13, 24, 25, 29, 33, 34, 35, 36, 41, 47, 58, 69, 87, 100, 105, 125, 172, 173, 176, 191, 201, 209, 218, 275, 280, 281, 286, 298, 305, 306, 312, 324, 342, 361, 389, 392, 404, 434, 440, 446, 490, 504, 505, 510, 531, 533, 548, 549, 552, 570, 576, 588, 619, 623, 631, 639, 641, 643, 645, 650, 651, 660, 661, 662, 665, 673, 674, 695, 718, 727, 740, 746, 750, 771, 789, 803, 808, 815, 829, 838, 840, 848, 862, 882, 894, 912, 913, 915, 919, 921, 925, 926, 929, 930, 936, 941, 942, 943, 957, 961, 966, 972, 988
-1: 9, 13, 24, 25, 27, 29, 31, 34, 35, 41, 47, 58, 87, 100, 125, 191, 218, 275, 280, 281, 286, 298, 303, 305, 306, 314, 324, 389, 392, 404, 504, 510, 548, 559, 590, 639, 643, 650, 651, 662, 665, 673, 674, 727, 746, 771, 789, 794, 800, 803, 815, 862, 880, 882, 912, 919, 925, 930, 936, 941, 943, 957, 961, 966, 991, 998
-1: 5, 6, 9, 12, 13, 24, 25, 27, 31, 33, 34, 35, 41, 47, 53, 58, 87, 100, 125, 191, 218, 265, 275, 280, 281, 286, 298, 303, 305, 306, 314, 324, 374, 389, 392, 404, 446, 466, 504, 510, 522, 548, 549, 559, 590, 639, 643, 650, 651, 662, 665, 673, 674, 682, 718, 727, 746, 752, 771, 789, 794, 800, 803, 815, 848, 862, 880, 882, 912, 919, 925, 930, 936, 941, 942, 943, 957, 961, 966, 991, 998
-1: 4, 5, 6, 9, 10, 22, 24, 25, 27, 33, 34, 35, 38, 41, 47, 53, 58, 62, 65, 67, 70, 75, 76, 98, 99, 102, 104, 105, 109, 111, 119, 128, 131, 133, 148, 182, 184, 192, 193, 229, 265, 266, 271, 273, 286, 295, 298, 303, 305, 313, 315, 324, 332, 347, 354, 355, 357, 358, 381, 389, 392, 399, 400, 404, 409, 429, 430, 431, 432, 437, 446, 474, 475, 504, 514, 515, 519, 534, 548, 549, 556, 558, 613, 614, 615, 616, 639, 641, 643, 650, 654, 662, 663, 665, 668, 673, 682, 715, 718, 727, 729, 731, 746, 753, 760, 789, 800, 803, 816, 824, 835, 845, 848, 849, 861, 862, 882, 884, 890, 893, 901, 906, 912, 915, 936, 941, 943, 945, 951, 958, 966, 983, 994, 995
-1: 3, 5, 6, 7, 9, 10, 12, 13, 22, 25, 27, 29, 31, 33, 34, 35, 39, 40, 41, 44, 47, 51, 52, 56, 58, 59, 63, 64, 65, 69, 75, 80, 83, 84, 94, 158, 248, 253, 256, 266, 286, 292, 298, 305, 324, 334, 335, 339, 353, 365, 366, 371, 372, 381, 382, 392, 399, 400, 402, 407, 463, 498, 499, 504, 507, 508, 513, 545, 548, 569, 600, 601, 609, 615, 639, 643, 646, 663, 665, 673, 674, 675, 688, 693, 700, 702, 710, 711, 713, 727, 733, 752, 762, 779, 789, 796, 797, 798, 802, 803, 830, 849, 850, 860, 861, 862, 870, 872, 877, 882, 883, 892, 897, 906, 909, 922, 937, 941, 942, 951, 952, 960, 966, 968, 978, 994
-1: 6, 7, 9, 10, 22, 25, 29, 34, 35, 41, 47, 58, 60, 62, 65, 72, 75, 105, 109, 111, 113, 128, 148, 184, 189, 192, 193, 229, 234, 265, 266, 273, 286, 298, 305, 324, 347, 354, 381, 389, 392, 400, 404, 409, 430, 495, 504, 515, 522, 548, 557, 613, 614, 615, 621, 639, 643, 648, 650, 654, 663, 667, 668, 673, 727, 741, 746, 767, 775, 785, 786, 789, 793, 800, 803, 839, 860, 861, 862, 882, 906, 912, 915, 936, 941, 943, 951, 960, 966
-1: 2, 5, 6, 9, 10, 12, 22, 24, 25, 29, 31, 32, 33, 34, 35, 36, 38, 41, 44, 47, 53, 58, 63, 65, 66, 97, 101, 114, 118, 158, 176, 223, 252, 266, 273, 286, 298, 305, 324, 389, 392, 400, 402, 404, 495, 504, 519, 528, 548, 615, 617, 639, 643, 650, 663, 665, 673, 687, 727, 746, 752, 767, 778, 786, 789, 803, 807, 809, 859, 860, 861, 862, 876, 882, 906, 911, 912, 936, 941, 943, 950, 951, 966, 980, 999
-1: 1, 5, 6, 8, 9, 12, 13, 27, 31, 34, 36, 37, 44, 47, 58, 79, 80, 82, 100, 113, 125, 158, 191, 218, 265, 266, 275, 279, 280, 281, 286, 298, 303, 305, 306, 313, 324, 329, 340, 346, 389, 391, 392, 404, 441, 446, 450, 495, 504, 510, 513, 548, 549, 567, 570, 588, 591, 604, 620, 639, 643, 649, 650, 651, 662, 665, 666, 673, 674, 682, 687, 700, 718, 727, 739, 746, 752, 765, 771, 789, 803, 804, 816, 848, 860, 862, 882, 890, 908, 910, 912, 914, 919, 925, 930, 936, 941, 942, 943, 957, 961, 966, 971, 973, 981
-1: 3, 6, 9, 25, 31, 34, 35, 41, 47, 58, 64, 75, 76, 94, 99, 100, 125, 165, 191, 192, 218, 252, 256, 280, 281, 286, 288, 289, 290, 296, 298, 305, 306, 324, 344, 346, 354, 365, 376, 389, 391, 392, 404, 446, 450, 453, 459, 466, 482, 504, 510, 513, 534, 548, 549, 581, 604, 613, 617, 634, 639, 643, 648, 650, 651, 662, 666, 667, 673, 675, 683, 716, 718, 721, 727, 739, 746, 752, 771, 775, 779, 789, 803, 804, 810, 845, 848, 850, 862, 874, 882, 912, 919, 922, 925, 930, 936, 941, 942, 943, 957, 959, 961, 966, 972, 975, 998
-1: 3, 6, 9, 10, 12, 13, 22, 25, 29, 31, 33, 34, 35, 36, 39, 41, 47, 51, 52, 56, 58, 62, 65, 79, 87, 111, 115, 117, 135, 206, 248, 255, 256, 266, 269, 286, 292, 297, 298, 305, 324, 335, 339, 353, 371, 372, 376, 381, 382, 392, 400, 407, 437, 439, 463, 493, 498, 499, 504, 507, 508, 513, 521, 548, 600, 615, 639, 643, 663, 665, 673, 674, 693, 710, 711, 713, 727, 733, 739, 779, 789, 796, 797, 802, 803, 849, 850, 860, 861, 862, 870, 872, 882, 883, 897, 906, 909, 937, 941, 951, 952, 955, 959, 960, 968, 978, 994
-1: 0, 1, 6, 9, 10, 13, 22, 25, 29, 31, 32, 33, 34, 35, 36, 38, 40, 41, 45, 47, 53, 58, 59, 63, 67, 71, 72, 75, 76, 79, 82, 86, 87, 94, 95, 96, 97, 99, 100, 103, 104, 114, 117, 119, 124, 125, 130, 135, 172, 173, 191, 201, 209, 218, 256, 265, 275, 280, 281, 286, 298, 305, 306, 312, 323, 324, 328, 330, 340, 342, 361, 389, 392, 394, 396, 404, 434, 464, 478, 490, 504, 505, 510, 531, 533, 539, 548, 549, 576, 583, 604, 619, 623, 631, 639, 641, 643, 645, 650, 651, 660, 661, 662, 665, 671, 673, 674, 697, 723, 727, 740, 746, 750, 765, 771, 789, 803, 808, 815, 829, 838, 840, 855, 862, 864, 865, 882, 894, 908, 912, 919, 921, 925, 929, 930, 931, 936, 941, 943, 957, 961, 966, 988
-1: 0, 3, 6, 9, 10, 12, 13, 22, 25, 29, 32, 33, 34, 35, 36, 39, 40, 41, 44, 47, 51, 52, 53, 56, 58, 61, 65, 69, 75, 248, 256, 266, 269, 286, 292, 297, 298, 305, 324, 335, 339, 353, 371, 372, 373, 376, 377, 381, 382, 392, 400, 407, 439, 463, 493, 498, 499, 504, 507, 508, 509, 513, 521, 548, 600, 615, 639, 643, 663, 665, 673, 674, 693, 710, 711, 713, 714, 727, 733, 779, 789, 796, 797, 802, 803, 849, 850, 860, 861, 862, 869, 870, 872, 882, 883, 897, 906, 909, 937, 941, 951, 952, 955, 959, 960, 968, 978, 994
-1: 3, 5, 6, 9, 10, 12, 13, 22, 24, 25, 27, 29, 32, 33, 34, 35, 36, 38, 39, 40, 41, 44, 47, 51, 52, 53, 56, 58, 59, 62, 64, 65, 66, 67, 71, 83, 96, 102, 109, 117, 158, 248, 253, 256, 266, 286, 292, 298, 305, 324, 334, 335, 339, 353, 365, 366, 371, 372, 381, 382, 392, 399, 400, 402, 407, 463, 498, 499, 504, 507, 508, 513, 545, 548, 569, 600, 601, 609, 615, 639, 643, 646, 663, 665, 673, 674, 675, 688, 693, 700, 702, 710, 711, 713, 727, 733, 752, 762, 779, 789, 796, 797, 798, 802, 803, 830, 849, 850, 860, 861, 862, 870, 872, 877, 882, 883, 892, 897, 906, 909, 922, 937, 941, 942, 951, 952, 960, 966, 968, 978, 994
-1: 3, 6, 9, 10, 12, 13, 22, 24, 25, 29, 32, 34, 35, 36, 39, 41, 44, 47, 51, 52, 56, 58, 62, 65, 75, 76, 77, 135, 248, 255, 256, 266, 269, 286, 292, 297, 298, 305, 324, 335, 339, 353, 371, 372, 376, 381, 382, 390, 392, 400, 407, 439, 463, 493, 498, 499, 504, 507, 508, 513, 548, 600, 615, 639, 643, 663, 665, 673, 674, 693, 710, 711, 713, 727, 733, 739, 773, 779, 789, 796, 797, 802, 803, 849, 850, 860, 861, 862, 870, 872, 882, 883, 897, 906, 909, 937, 941, 951, 952, 955, 959, 960, 968, 978, 994
-1: 3, 6, 9, 10, 12, 13, 22, 25, 30, 32, 33, 34, 35, 36, 41, 47, 50, 53, 58, 61, 64, 65, 70, 83, 84, 96, 99, 101, 102, 103, 104, 113, 118, 129, 154, 159, 189, 192, 193, 198, 229, 231, 232, 237, 242, 251, 266, 273, 282, 286, 287, 294, 297, 298, 303, 305, 324, 347, 354, 389, 392, 397, 400, 404, 430, 462, 476, 497, 498, 499, 504, 513, 515, 516, 529, 548, 594, 596, 613, 615, 625, 639, 640, 643, 650, 654, 663, 665, 668, 673, 674, 706, 707, 727, 733, 746, 754, 756, 760, 785, 789, 790, 803, 813, 837, 846, 849, 860, 861, 862, 882, 901, 903, 906, 910, 912, 936, 937, 941, 943, 951, 956, 966, 977, 991, 994
-1: 3, 6, 9, 10, 12, 13, 14, 22, 25, 30, 32, 33, 34, 35, 36, 41, 47, 50, 53, 58, 62, 64, 65, 70, 104, 105, 113, 114, 115, 116, 118, 119, 129, 154, 159, 189, 192, 193, 198, 229, 231, 232, 237, 242, 251, 266, 273, 282, 286, 287, 294, 297, 298, 303, 305, 324, 347, 354, 389, 392, 397, 400, 404, 430, 462, 476, 497, 498, 499, 504, 513, 515, 516, 529, 548, 594, 596, 613, 615, 625, 639, 640, 643, 650, 654, 663, 665, 668, 673, 674, 706, 707, 727, 733, 746, 754, 756, 760, 785, 789, 790, 803, 813, 837, 846, 849, 860, 861, 862, 882, 901, 903, 906, 910, 912, 936, 937, 941, 943, 951, 956, 966, 977, 991, 994
-1: 3, 5, 6, 7, 8, 9, 10, 14, 22, 25, 33, 34, 35, 41, 47, 58, 63, 64, 65, 109, 125, 148, 165, 184, 187, 189, 192, 193, 229, 243, 266, 273, 286, 297, 298, 305, 324, 347, 369, 389, 392, 400, 404, 430, 458, 459, 504, 539, 548, 549, 557, 583, 613, 614, 615, 621, 625, 639, 643, 650, 654, 662, 663, 667, 668, 673, 695, 711, 727, 746, 758, 767, 785, 786, 789, 803, 860, 861, 862, 882, 906, 912, 915, 936, 939, 941, 943, 951, 966
-1: 9, 25, 33, 34, 35, 41, 47, 58, 75, 87, 100, 111, 125, 159, 191, 218, 280, 281, 286, 298, 305, 306, 324, 389, 392, 404, 478, 498, 499, 502, 504, 510, 548, 591, 639, 643, 650, 651, 662, 665, 667, 673, 727, 746, 771, 789, 803, 862, 882, 912, 919, 925, 930, 936, 941, 943, 957, 961, 966, 985, 994
-1: 9, 25, 33, 34, 35, 41, 47, 58, 80, 87, 100, 115, 125, 191, 218, 221, 280, 281, 286, 298, 305, 306, 324, 389, 392, 404, 504, 510, 539, 548, 612, 639, 643, 650, 651, 662, 665, 667, 673, 727, 746, 771, 789, 803, 835, 836, 862, 882, 912, 919, 925, 930, 935, 936, 941, 943, 953, 957, 961, 966, 998
-1: 3, 6, 9, 10, 12, 13, 22, 24, 25, 29, 34, 35, 36, 39, 40, 41, 44, 47, 51, 52, 56, 58, 63, 65, 72, 83, 94, 97, 115, 117, 248, 255, 256, 266, 286, 292, 297, 298, 305, 324, 335, 339, 353, 371, 372, 377, 381, 382, 392, 400, 407, 463, 498, 499, 504, 507, 508, 513, 519, 548, 600, 615, 639, 643, 663, 665, 673, 674, 693, 710, 711, 713, 727, 733, 779, 789, 796, 797, 802, 803, 849, 850, 860, 861, 862, 869, 870, 872, 882, 883, 897, 906, 909, 937, 941, 951, 952, 955, 960, 968, 978, 994
-1: 6, 9, 25, 34, 35, 40, 41, 47, 58, 73, 79, 94, 100, 116, 125, 166, 191, 192, 218, 253, 275, 280, 281, 286, 298, 305, 306, 324, 354, 389, 391, 392, 404, 429, 453, 488, 504, 510, 548, 549, 639, 643, 650, 651, 662, 666, 667, 673, 683, 718, 727, 743, 746, 752, 758, 771, 789, 803, 848, 862, 882, 912, 914, 919, 925, 930, 936, 941, 942, 943, 957, 961, 966
1: 3, 5, 6, 7, 8, 9, 10, 11, 14, 15, 16, 22, 25, 33, 34, 35, 40, 41, 47, 54, 58, 62, 65, 88, 111, 115, 174, 182, 200, 216, 225, 228, 229, 266, 267, 273, 285, 286, 298, 305, 324, 350, 389, 392, 397, 400, 404, 408, 416, 417, 419, 421, 426, 428, 438, 454, 465, 476, 481, 496, 498, 499, 504, 506, 548, 573, 594, 614, 615, 639, 640, 643, 650, 663, 664, 665, 668, 673, 674, 694, 767, 768, 786, 789, 797, 858, 861, 862, 867, 881, 882, 904, 906, 912, 923, 936, 943, 944, 951, 966, 979, 985, 990, 994, 996
1: 3, 5, 7, 8, 9, 10, 11, 14, 15, 20, 22, 23, 24, 25, 27, 31, 33, 34, 35, 36, 40, 41, 43, 44, 47, 57, 58, 62, 63, 65, 66, 79, 88, 90, 91, 92, 93, 98, 117, 135, 174, 188, 189, 225, 228, 229, 233, 266, 267, 273, 280, 285, 286, 298, 305, 324, 328, 350, 389, 392, 397, 400, 404, 406, 408, 438, 454, 476, 496, 498, 499, 504, 506, 548, 614, 615, 639, 640, 643, 650, 663, 664, 665, 668, 673, 674, 677, 684, 687, 694, 711, 721, 767, 768, 786, 789, 797, 817, 857, 858, 861, 862, 866, 867, 881, 882, 906, 912, 932, 936, 943, 951, 957, 966, 979, 994
1: 3, 4, 5, 7, 8, 9, 10, 11, 15, 16, 22, 25, 27, 32, 34, 35, 38, 41, 47, 54, 58, 62, 65, 69, 88, 104, 105, 109, 112, 116, 117, 155, 169, 174, 190, 200, 225, 228, 229, 233, 245, 266, 267, 273, 283, 286, 298, 305, 324, 350, 389, 392, 397, 400, 404, 420, 421, 454, 476, 496, 497, 498, 499, 504, 506, 512, 548, 573, 598, 614, 615, 639, 640, 643, 650, 663, 664, 665, 668, 673, 674, 694, 720, 742, 767, 768, 786, 789, 792, 797, 800, 860, 861, 862, 867, 882, 906, 912, 923, 936, 943, 951, 966, 979, 994, 996
1: 0, 4, 5, 7, 9, 10, 11, 12, 14, 15, 22, 25, 29, 34, 35, 41, 47, 54, 58, 61, 62, 65, 67, 75, 76, 79, 80, 82, 83, 84, 88, 89, 101, 103, 169, 174, 200, 216, 223, 228, 229, 233, 266, 267, 280, 286, 298, 305, 324, 370, 389, 392, 400, 404, 412, 413, 414, 415, 416, 417, 418, 419, 420, 421, 422, 423, 424, 425, 426, 427, 428, 454, 481, 496, 498, 499, 504, 506, 548, 573, 614, 615, 639, 643, 650, 663, 664, 665, 668, 673, 674, 688, 694, 720, 742, 767, 768, 786, 789, 797, 861, 862, 867, 882, 898, 900, 904, 906, 912, 932, 936, 943, 951, 966, 979, 986, 994
1: 3, 5, 8, 9, 10, 11, 12, 13, 14, 15, 22, 25, 27, 29, 31, 33, 34, 35, 41, 47, 51, 54, 58, 61, 62, 65, 72, 75, 88, 103, 111, 119, 123, 124, 169, 174, 187, 190, 225, 228, 229, 233, 266, 267, 273, 286, 298, 305, 324, 389, 392, 397, 400, 404, 414, 415, 416, 417, 418, 419, 420, 421, 423, 424, 427, 454, 476, 481, 496, 498, 499, 504, 506, 548, 573, 598, 614, 615, 616, 639, 640, 643, 645, 650, 663, 664, 665, 668, 673, 674, 677, 694, 767, 768, 779, 786, 789, 797, 861, 862, 867, 882, 894, 898, 904, 906, 912, 923, 932, 936, 943, 951, 966, 969, 979, 986, 990, 996
1: 4, 8, 9, 10, 11, 12, 14, 15, 22, 25, 27, 29, 34, 35, 41, 47, 54, 58, 62, 64, 65, 73, 75, 80, 82, 84, 87, 88, 89, 105, 119, 169, 174, 216, 225, 228, 229, 246, 266, 273, 286, 298, 305, 324, 389, 392, 397, 400, 404, 419, 420, 423, 426, 454, 476, 492, 496, 498, 499, 504, 506, 548, 573, 598, 614, 615, 639, 640, 643, 650, 663, 664, 665, 668, 673, 674, 684, 694, 720, 742, 767, 768, 786, 789, 797, 861, 862, 867, 882, 898, 900, 904, 906, 912, 923, 932, 936, 943, 951, 966, 979, 994
1: 0, 8, 9, 10, 11, 12, 14, 15, 22, 25, 34, 35, 41, 44, 45, 47, 58, 62, 65, 71, 102, 104, 111, 115, 116, 117, 119, 174, 188, 189, 216, 225, 228, 229, 233, 252, 266, 267, 273, 285, 286, 298, 305, 324, 389, 392, 397, 400, 404, 406, 429, 438, 476, 496, 498, 499, 504, 519, 548, 583, 615, 631, 639, 640, 643, 650, 651, 661, 663, 665, 668, 673, 674, 682, 684, 694, 746, 765, 771, 789, 797, 799, 827, 857, 858, 861, 862, 863, 882, 897, 898, 900, 904, 906, 912, 932, 936, 943, 951, 961, 966, 979, 986, 990, 994
1: 2, 7, 9, 10, 11, 14, 15, 16, 22, 25, 31, 32, 34, 35, 41, 45, 47, 53, 58, 59, 62, 65, 67, 69, 71, 73, 75, 105, 109, 111, 181, 266, 273, 286, 298, 305, 324, 389, 392, 400, 404, 498, 504, 548, 614, 615, 623, 639, 643, 650, 663, 665, 673, 674, 768, 789, 860, 861, 862, 882, 906, 912, 936, 943, 950, 951, 966, 979, 990
1: 3, 9, 10, 11, 14, 15, 16, 17, 18, 19, 21, 22, 25, 28, 33, 34, 35, 38, 41, 42, 47, 48, 49, 55, 57, 58, 60, 62, 65, 68, 74, 78, 83, 84, 85, 106, 107, 108, 109, 112, 113, 116, 120, 121, 122, 126, 127, 132, 134, 137, 138, 144, 145, 146, 182, 195, 196, 199, 208, 217, 219, 220, 266, 273, 286, 298, 305, 324, 352, 364, 392, 400, 401, 404, 469, 470, 471, 499, 503, 504, 519, 530, 535, 544, 548, 553, 564, 565, 575, 614, 615, 639, 643, 650, 652, 663, 665, 670, 672, 673, 674, 678, 679, 680, 684, 690, 692, 699, 703, 704, 705, 708, 709, 724, 727, 732, 744, 745, 746, 783, 789, 803, 833, 847, 861, 862, 882, 899, 906, 907, 912, 943, 951, 966, 979, 993, 996
1: 3, 8, 9, 10, 11, 14, 15, 16, 17, 18, 19, 21, 22, 25, 28, 34, 35, 38, 41, 42, 47, 48, 49, 55, 57, 58, 60, 62, 65, 68, 73, 74, 78, 83, 84, 85, 86, 87, 103, 104, 106, 107, 108, 109, 116, 120, 121, 122, 126, 127, 132, 134, 137, 138, 144, 145, 146, 182, 195, 196, 199, 208, 217, 219, 220, 266, 273, 286, 298, 305, 324, 352, 364, 370, 392, 400, 401, 404, 469, 470, 471, 499, 503, 504, 519, 530, 535, 544, 548, 553, 564, 565, 575, 614, 615, 639, 643, 650, 652, 663, 665, 670, 672, 673, 674, 678, 679, 680, 684, 690, 692, 699, 703, 704, 705, 708, 709, 724, 727, 732, 744, 745, 746, 783, 789, 803, 833, 847, 861, 862, 882, 899, 906, 907, 912, 943, 951, 966, 979, 993, 996
1: 3, 9, 10, 11, 12, 14, 15, 16, 17, 18, 19, 21, 22, 25, 28, 34, 35, 38, 41, 42, 47, 48, 49, 55, 57, 58, 60, 62, 65, 66, 68, 74, 78, 84, 85, 86, 87, 106, 107, 108, 109, 112, 119, 120, 121, 122, 126, 127, 132, 134, 137, 138, 144, 145, 146, 182, 195, 196, 199, 208, 217, 219, 220, 266, 273, 286, 298, 305, 324, 352, 364, 392, 400, 401, 404, 469, 470, 471, 499, 503, 504, 519, 530, 535, 544, 548, 553, 564, 565, 575, 614, 615, 639, 643, 650, 652, 663, 665, 670, 672, 673, 674, 678, 679, 680, 684, 690, 692, 699, 703, 704, 705, 708, 709, 724, 727, 732, 744, 745, 746, 751, 783, 789, 803, 833, 847, 861, 862, 882, 899, 906, 907, 912, 943, 951, 966, 979, 993, 996
1: 3, 5, 6, 9, 10, 11, 14, 15, 16, 17, 18, 19, 21, 22, 25, 28, 33, 34, 35, 38, 41, 42, 47, 48, 49, 55, 57, 58, 60, 62, 65, 68, 74, 78, 84, 85, 87, 96, 106, 107, 108, 109, 117, 120, 121, 122, 126, 127, 132, 134, 137, 138, 144, 145, 146, 182, 195, 196, 199, 208, 217, 219, 220, 266, 273, 286, 298, 305, 324, 352, 364, 392, 400, 401, 404, 469, 470, 471, 499, 503, 504, 519, 530, 535, 544, 548, 553, 564, 565, 575, 614, 615, 639, 643, 650, 652, 663, 665, 670, 672, 673, 674, 678, 679, 680, 684, 690, 692, 699, 703, 704, 705, 708, 709, 724, 727, 732, 744, 745, 746, 751, 783, 789, 803, 833, 847, 861, 862, 882, 899, 906, 907, 912, 943, 951, 966, 979, 993, 996
1: 3, 5, 9, 10, 11, 14, 15, 16, 17, 18, 19, 21, 22, 25, 28, 34, 35, 38, 40, 41, 42, 47, 48, 49, 55, 57, 58, 60, 62, 65, 68, 74, 77, 78, 84, 85, 87, 96, 106, 107, 108, 111, 113, 120, 121, 122, 126, 127, 132, 134, 137, 138, 144, 145, 146, 182, 195, 196, 199, 208, 217, 219, 220, 266, 273, 286, 298, 305, 324, 352, 364, 392, 400, 401, 404, 469, 470, 471, 499, 503, 504, 519, 530, 535, 544, 548, 553, 564, 565, 575, 614, 615, 639, 643, 645, 650, 652, 663, 665, 670, 672, 673, 674, 678, 679, 680, 684, 690, 692, 699, 703, 704, 705, 708, 709, 724, 727, 732, 744, 745, 746, 783, 789, 803, 833, 847, 861, 862, 882, 894, 899, 906, 907, 912, 943, 951, 966, 979, 993, 996
1: 3, 9, 10, 11, 14, 15, 16, 17, 18, 19, 21, 22, 25, 28, 34, 35, 38, 41, 42, 47, 48, 49, 55, 57, 58, 60, 62, 65, 68, 74, 78, 82, 83, 84, 85, 87, 106, 107, 108, 109, 112, 115, 119, 120, 121, 122, 126, 127, 132, 134, 137, 138, 144, 145, 146, 182, 195, 196, 199, 208, 217, 219, 220, 252, 266, 273, 286, 298, 305, 324, 352, 364, 392, 400, 401, 404, 469, 470, 471, 499, 503, 504, 519, 530, 535, 544, 548, 553, 564, 565, 575, 614, 615, 639, 643, 650, 652, 663, 665, 670, 672, 673, 674, 678, 679, 680, 684, 690, 692, 699, 703, 704, 705, 708, 709, 724, 727, 732, 744, 745, 746, 783, 789, 803, 809, 833, 847, 861, 862, 882, 899, 906, 907, 912, 943, 951, 966, 979, 993, 996
1: 3, 6, 9, 10, 11, 14, 15, 16, 17, 18, 19, 21, 22, 25, 28, 29, 34, 35, 38, 41, 42, 47, 48, 49, 55, 57, 58, 60, 62, 65, 68, 74, 78, 80, 82, 84, 85, 86, 87, 102, 106, 107, 108, 111, 120, 121, 122, 126, 127, 132, 134, 137, 138, 144, 145, 146, 182, 195, 196, 199, 208, 217, 219, 220, 266, 273, 286, 298, 305, 324, 352, 364, 392, 400, 401, 404, 469, 470, 471, 499, 503, 504, 519, 530, 535, 544, 548, 553, 564, 565, 575, 614, 615, 639, 643, 650, 652, 663, 665, 670, 672, 673, 674, 678, 679, 680, 684, 690, 692, 699, 703, 704, 705, 708, 709, 724, 727, 732, 744, 745, 746, 783, 789, 803, 833, 847, 861, 862, 882, 899, 906, 907, 912, 943, 951, 966, 979, 993, 996
1: 3, 9, 10, 11, 14, 15, 16, 17, 18, 19, 21, 22, 25, 28, 34, 35, 38, 41, 42, 47, 48, 49, 55, 57, 58, 60, 62, 65, 68, 71, 74, 78, 84, 85, 86, 87, 96, 106, 107, 108, 111, 112, 120, 121, 122, 126, 127, 132, 134, 137, 138, 144, 145, 146, 182, 195, 196, 199, 208, 217, 219, 220, 266, 273, 286, 298, 305, 324, 352, 364, 370, 392, 400, 401, 404, 469, 470, 471, 499, 503, 504, 519, 530, 535, 544, 548, 553, 564, 565, 575, 614, 615, 639, 643, 650, 652, 663, 665, 670, 672, 673, 674, 678, 679, 680, 684, 690, 692, 699, 703, 704, 705, 708, 709, 724, 727, 732, 744, 745, 746, 783, 789, 803, 833, 847, 861, 862, 882, 899, 906, 907, 912, 943, 951, 966, 979, 993, 996
1: 3, 9, 10, 11, 14, 15, 16, 17, 18, 19, 21, 22, 25, 28, 34, 35, 38, 41, 42, 47, 48, 49, 55, 57, 58, 60, 62, 65, 68, 74, 78, 83, 84, 85, 86, 87, 94, 97, 106, 107, 108, 109, 120, 121, 122, 126, 127, 132, 134, 137, 138, 144, 145, 146, 182, 195, 196, 199, 208, 217, 219, 220, 266, 273, 286, 298, 305, 324, 352, 364, 392, 400, 401, 404, 469, 470, 471, 499, 503, 504, 519, 530, 535, 544, 548, 553, 564, 565, 575, 614, 615, 639, 643, 650, 652, 663, 665, 670, 672, 673, 674, 678, 679, 680, 684, 690, 692, 699, 703, 704, 705, 708, 709, 724, 727, 732, 744, 745, 746, 783, 789, 803, 833, 847, 861, 862, 882, 899, 906, 907, 912, 943, 951, 966, 979, 993, 996
1: 3, 8, 9, 10, 11, 12, 14, 15, 16, 17, 18, 19, 21, 22, 25, 28, 34, 35, 38, 41, 42, 44, 47, 48, 49, 55, 57, 58, 60, 62, 65, 68, 71, 74, 78, 79, 84, 85, 87, 94, 106, 107, 108, 111, 120, 121, 122, 126, 127, 132, 134, 137, 138, 144, 145, 146, 182, 195, 196, 199, 208, 217, 219, 220, 266, 273, 286, 298, 305, 324, 352, 364, 392, 400, 401, 404, 469, 470, 471, 499, 503, 504, 519, 530, 535, 544, 548, 553, 564, 565, 575, 614, 615, 639, 643, 650, 652, 663, 665, 670, 672, 673, 674, 678, 679, 680, 684, 690, 692, 699, 703, 704, 705, 708, 709, 724, 727, 732, 744, 745, 746, 783, 789, 803, 833, 847, 861, 862, 882, 899, 906, 907, 912, 943, 951, 966, 979, 993, 996
1: 3, 9, 10, 11, 14, 15, 16, 17, 18, 19, 21, 22, 25, 28, 32, 34, 35, 38, 41, 42, 47, 48, 49, 55, 57, 58, 60, 62, 64, 65, 68, 73, 74, 78, 80, 84, 85, 87, 94, 104, 106, 107, 108, 111, 120, 121, 122, 126, 127, 132, 134, 137, 138, 144, 145, 146, 182, 195, 196, 199, 208, 217, 219, 220, 266, 273, 286, 298, 305, 324, 352, 364, 392, 400, 401, 404, 469, 470, 471, 499, 503, 504, 519, 530, 535, 544, 548, 553, 564, 565, 575, 614, 615, 639, 643, 650, 652, 663, 665, 670, 672, 673, 674, 678, 679, 680, 684, 690, 692, 699, 703, 704, 705, 708, 709, 724, 727, 732, 744, 745, 746, 783, 789, 803, 833, 847, 861, 862, 882, 899, 906, 907, 912, 943, 951, 966, 979, 993, 996
1: 3, 9, 10, 11, 14, 15, 16, 17, 18, 19, 21, 22, 25, 28, 34, 35, 38, 41, 42, 47, 48, 49, 53, 55, 57, 58, 60, 62, 65, 66, 68, 74, 78, 82, 84, 85, 86, 94, 106, 107, 108, 111, 118, 120, 121, 122, 126, 127, 132, 134, 137, 138, 144, 145, 146, 182, 195, 196, 199, 208, 217, 219, 220, 266, 273, 286, 298, 305, 324, 352, 364, 392, 400, 401, 404, 469, 470, 471, 499, 503, 504, 519, 530, 535, 544, 548, 553, 564, 565, 575, 614, 615, 639, 643, 650, 652, 663, 665, 670, 672, 673, 674, 678, 679, 680, 684, 690, 692, 699, 703, 704, 705, 708, 709, 724, 727, 732, 744, 745, 746, 783, 789, 803, 833, 847, 861, 862, 877, 882, 899, 906, 907, 912, 943, 951, 966, 979, 993, 996
1: 3, 9, 10, 11, 14, 15, 16, 17, 18, 19, 21, 22, 24, 25, 28, 32, 34, 35, 38, 41, 42, 47, 48, 49, 53, 55, 57, 58, 60, 62, 65, 68, 74, 78, 84, 85, 87, 94, 97, 101, 106, 107, 108, 111, 120, 121, 122, 126, 127, 132, 134, 137, 138, 144, 145, 146, 182, 195, 196, 199, 208, 217, 219, 220, 266, 273, 286, 298, 305, 324, 352, 364, 392, 400, 401, 404, 469, 470, 471, 499, 503, 504, 519, 530, 535, 544, 548, 553, 564, 565, 575, 614, 615, 639, 643, 650, 652, 663, 665, 670, 672, 673, 674, 678, 679, 680, 684, 690, 692, 699, 703, 704, 705, 708, 709, 724, 727, 732, 744, 745, 746, 783, 789, 803, 833, 847, 861, 862, 882, 899, 906, 907, 912, 943, 951, 966, 979, 993, 996
1: 3, 9, 10, 11, 14, 15, 16, 17, 18, 19, 21, 22, 25, 28, 34, 35, 36, 38, 41, 42, 47, 48, 49, 53, 55, 57, 58, 60, 62, 65, 68, 74, 78, 84, 85, 86, 94, 106, 107, 108, 111, 113, 120, 121, 122, 126, 127, 132, 134, 137, 138, 144, 145, 146, 182, 195, 196, 199, 208, 217, 219, 220, 266, 273, 286, 298, 305, 324, 352, 364, 392, 400, 401, 404, 469, 470, 471, 499, 503, 504, 519, 530, 535, 544, 548, 553, 564, 565, 575, 614, 615, 639, 643, 650, 652, 663, 665, 670, 672, 673, 674, 678, 679, 680, 684, 690, 692, 699, 703, 704, 705, 708, 709, 724, 727, 732, 744, 745, 746, 783, 789, 803, 833, 847, 861, 862, 882, 899, 906, 907, 912, 943, 951, 966, 979, 993, 996
1: 0, 3, 7, 9, 10, 11, 14, 15, 16, 17, 18, 19, 21, 22, 25, 28, 29, 34, 35, 38, 41, 42, 47, 48, 49, 55, 57, 58, 60, 62, 65, 66, 68, 74, 76, 78, 84, 85, 87, 94, 96, 106, 107, 108, 111, 120, 121, 122, 126, 127, 132, 134, 137, 138, 144, 145, 146, 182, 195, 196, 199, 208, 217, 219, 220, 266, 273, 286, 298, 305, 324, 352, 364, 392, 400, 401, 404, 469, 470, 471, 499, 503, 504, 519, 530, 535, 544, 548, 553, 564, 565, 575, 614, 615, 639, 643, 650, 652, 663, 665, 670, 672, 673, 674, 678, 679, 680, 684, 690, 692, 699, 703, 704, 705, 708, 709, 724, 727, 732, 744, 745, 746, 783, 789, 803, 833, 847, 861, 862, 882, 899, 906, 907, 912, 943, 951, 966, 979, 993, 996
1: 0, 3, 9, 10, 11, 14, 15, 16, 17, 18, 19, 21, 22, 25, 28, 34, 35, 38, 41, 42, 47, 48, 49, 55, 57, 58, 59, 60, 62, 65, 68, 74, 78, 84, 85, 87, 94, 96, 97, 106, 107, 108, 111, 120, 121, 122, 126, 127, 132, 134, 137, 138, 144, 145, 146, 182, 195, 196, 199, 208, 217, 219, 220, 266, 273, 286, 298, 305, 324, 352, 364, 392, 400, 401, 404, 469, 470, 471, 499, 503, 504, 519, 530, 535, 544, 548, 553, 564, 565, 575, 614, 615, 623, 639, 643, 650, 652, 663, 665, 670, 672, 673, 674, 678, 679, 680, 684, 690, 692, 699, 703, 704, 705, 708, 709, 724, 727, 732, 744, 745, 746, 783, 789, 803, 833, 847, 861, 862, 882, 899, 906, 907, 912, 943, 951, 966, 979, 993, 996
