svmcoef,  old_accuracy,  old_precision,  old_recall,  learning_time,  new_accuracy,  new_precision,  new_recall,  attack_time
1.023292992280754,  0.883035282745,  0.959568733154,  0.61063464837,  104.98582783341408,  0.718221362977,  0.0,  0.0,  53.85353880375624
2.149107127572609,  0.874818753021,  0.973684210526,  0.571183533448,  105.97118262201548,  0.718221362977,  0.0,  0.0,  52.464303992688656
4.513527875813106,  0.905268245529,  0.970802919708,  0.684391080617,  105.51928426325321,  0.718221362977,  0.0,  0.0,  52.8200516179204
9.479254721355762,  0.948767520541,  0.910499139415,  0.907375643225,  108.29938212782145,  0.281778637023,  0.281778637023,  1.0,  53.17154657095671
19.908212055997996,  0.596906718221,  0.411432604093,  1.0,  107.43470035493374,  0.281778637023,  0.281778637023,  1.0,  51.51248601078987
41.81097764718556,  0.281778637023,  0.281778637023,  1.0,  123.74439570307732,  0.281778637023,  0.281778637023,  1.0,  45.06595604121685
87.8108916509537,  0.281778637023,  0.281778637023,  1.0,  108.47373241186142,  0.281778637023,  0.281778637023,  1.0,  52.84935937076807
184.41933497947196,  0.281778637023,  0.281778637023,  1.0,  106.34444946050644,  0.281778637023,  0.281778637023,  1.0,  53.04084964096546
387.3151778194171,  0.281778637023,  0.281778637023,  1.0,  96.74240654706955,  0.281778637023,  0.281778637023,  1.0,  58.15616036206484
813.4344860639744,  0.281778637023,  0.281778637023,  1.0,  98.08753984421492,  0.281778637023,  0.281778637023,  1.0,  57.83515117317438
1708.3649208982551,  0.281778637023,  0.281778637023,  1.0,  94.74826932698488,  0.281778637023,  0.281778637023,  1.0,  59.03260961174965
3587.8866128208,  0.281778637023,  0.281778637023,  1.0,  91.99896591901779,  0.281778637023,  0.281778637023,  1.0,  61.51612212508917
7535.234532730953,  0.281778637023,  0.281778637023,  1.0,  85.15110572427511,  0.281778637023,  0.281778637023,  1.0,  63.31444362550974
15825.405201035815,  0.281778637023,  0.281778637023,  1.0,  83.05164078623056,  0.281778637023,  0.281778637023,  1.0,  63.410499058663845
33236.31781985219,  0.281778637023,  0.281778637023,  1.0,  79.57887436449528,  0.281778637023,  0.281778637023,  1.0,  63.08147011697292
69802.49846303601,  0.281778637023,  0.281778637023,  1.0,  73.35819218307734,  0.281778637023,  0.281778637023,  1.0,  68.83310509473085
146598.3331273793,  0.281778637023,  0.281778637023,  1.0,  69.59608011692762,  0.281778637023,  0.281778637023,  1.0,  67.53827383369207
307883.98336639337,  0.281778637023,  0.281778637023,  1.0,  79.35551619529724,  0.281778637023,  0.281778637023,  1.0,  64.15179026126862
646614.0861996863,  0.281778637023,  0.281778637023,  1.0,  73.03730239719152,  0.281778637023,  0.281778637023,  1.0,  66.49293112009764
1358010.8062142655,  0.281778637023,  0.281778637023,  1.0,  82.7825258076191,  0.281778637023,  0.281778637023,  1.0,  62.372528821229935
2852077.2886862205,  0.281778637023,  0.281778637023,  1.0,  83.52992230653763,  0.281778637023,  0.281778637023,  1.0,  64.47586128115654
5989897.004808012,  0.281778637023,  0.281778637023,  1.0,  82.85496120154858,  0.281778637023,  0.281778637023,  1.0,  62.25400934368372
12579906.677331042,  0.281778637023,  0.281778637023,  1.0,  74.02354963868856,  0.281778637023,  0.281778637023,  1.0,  64.66584627330303
26420162.46411744,  0.281778637023,  0.281778637023,  1.0,  78.36729429662228,  0.281778637023,  0.281778637023,  1.0,  63.23660009354353
55487294.34441666,  0.281778637023,  0.281778637023,  1.0,  87.03273744881153,  0.281778637023,  0.281778637023,  1.0,  61.370728977024555
116533720.70839691,  0.281778637023,  0.281778637023,  1.0,  84.88805088400841,  0.281778637023,  0.281778637023,  1.0,  64.05117988586426
244742660.8666338,  0.281778637023,  0.281778637023,  1.0,  87.81113420426846,  0.281778637023,  0.281778637023,  1.0,  62.67928560823202
514005471.4117102,  0.281778637023,  0.281778637023,  1.0,  89.11489553004503,  0.281778637023,  0.281778637023,  1.0,  62.788472063839436
1079507854.1094406,  0.281778637023,  0.281778637023,  1.0,  81.296864785254,  0.281778637023,  0.281778637023,  1.0,  65.33806464076042
2267168876.4000583,  0.281778637023,  0.281778637023,  1.0,  91.3031376004219,  0.281778637023,  0.281778637023,  1.0,  60.68120253831148
4761479682.199702,  0.281778637023,  0.281778637023,  1.0,  89.69841293990612,  0.281778637023,  0.281778637023,  1.0,  59.80367128551006
10000000000.0,  0.281778637023,  0.281778637023,  1.0,  98.5677483305335,  0.281778637023,  0.281778637023,  1.0,  57.28583896160126
svmcoef,  old_accuracy,  old_precision,  old_recall,  learning_time,  new_accuracy,  new_precision,  new_recall,  attack_time
0.001,  0.862252295795,  0.823529411765,  0.682926829268,  161.73580930382013,  0.702754954084,  0.0,  0.0,  72.25475737452507
0.0014497406703726315,  0.862252295795,  0.826086956522,  0.679674796748,  154.46346325427294,  0.702754954084,  0.0,  0.0,  74.07719995081425
0.0021017480113324893,  0.861768970517,  0.825742574257,  0.678048780488,  152.31207022070885,  0.702754954084,  0.0,  0.0,  72.74022153019905
0.003046989570903508,  0.860318994683,  0.827309236948,  0.669918699187,  150.68493901193142,  0.702754954084,  0.0,  0.0,  73.2829025760293
0.004417344703140069,  0.864185596907,  0.835341365462,  0.676422764228,  171.31648664921522,  0.702754954084,  0.0,  0.0,  68.28871159255505
0.006404004271197283,  0.867085548574,  0.84693877551,  0.674796747967,  160.38140784949064,  0.702754954084,  0.0,  0.0,  79.78177972137928
0.009284145445194745,  0.86805219913,  0.862288135593,  0.661788617886,  189.5488502085209,  0.702754954084,  0.0,  0.0,  68.91434124112129
0.013459603241553642,  0.86805219913,  0.87012987013,  0.653658536585,  188.97197364270687,  0.702754954084,  0.0,  0.0,  67.00401490181684
0.01951293422635963,  0.866602223296,  0.877505567929,  0.640650406504,  169.50581350922585,  0.702754954084,  0.0,  0.0,  76.55205480009317
0.028288694346259694,  0.86563557274,  0.8820861678,  0.632520325203,  182.68197179585695,  0.702754954084,  0.0,  0.0,  66.85642855614424
0.041011270705513005,  0.864668922185,  0.901678657074,  0.611382113821,  173.27023059874773,  0.702754954084,  0.0,  0.0,  73.47642629593611
0.05945570708544391,  0.861768970517,  0.91435768262,  0.590243902439,  164.3539810925722,  0.702754954084,  0.0,  0.0,  72.4994213283062
0.08619535664753032,  0.858385693572,  0.925925925926,  0.569105691057,  184.39463756978512,  0.702754954084,  0.0,  0.0,  71.32172087579966
0.12496091412919867,  0.884485258579,  0.917777777778,  0.671544715447,  191.4639084637165,  0.702754954084,  0.0,  0.0,  65.40103273838758
0.18116091942004134,  0.881101981634,  0.934117647059,  0.645528455285,  231.1730779632926,  0.702754954084,  0.0,  0.0,  46.741113394498825
0.26263635276533326,  0.884968583857,  0.931350114416,  0.661788617886,  219.84932292997837,  0.702754954084,  0.0,  0.0,  49.66438125818968
0.3807546021222372,  0.889318511358,  0.930803571429,  0.678048780488,  218.55933655798435,  0.702754954084,  0.0,  0.0,  49.041411615908146
0.5519954321281567,  0.893668438859,  0.949886104784,  0.678048780488,  213.540749669075,  0.702754954084,  0.0,  0.0,  56.9233838096261
0.8002502278161052,  0.884001933301,  0.96992481203,  0.629268292683,  219.72915347665548,  0.702754954084,  0.0,  0.0,  51.79549462348223
1.1601553017399715,  0.884001933301,  0.982005141388,  0.621138211382,  204.1249054670334,  0.702754954084,  0.0,  0.0,  62.97776234149933
1.6819243248808688,  0.882551957467,  0.979381443299,  0.617886178862,  216.30352014303207,  0.702754954084,  0.0,  0.0,  54.889712527394295
2.438354098268829,  0.871435476075,  0.975476839237,  0.582113821138,  214.3024359345436,  0.702754954084,  0.0,  0.0,  52.85952915251255
3.5349811050301057,  0.89125181247,  0.982673267327,  0.645528455285,  216.2438774779439,  0.702754954084,  0.0,  0.0,  55.31468489021063
5.124805876960932,  0.91203479942,  0.965591397849,  0.730081300813,  213.16603261232376,  0.702754954084,  0.0,  0.0,  61.08935321122408
7.42963950759495,  0.940550990817,  0.928571428571,  0.866666666667,  192.29709400236607,  0.702754954084,  0.0,  0.0,  65.15193163603544
10.77105056036769,  0.94683421943,  0.863309352518,  0.975609756098,  202.3183083087206,  0.297245045916,  0.297245045916,  1.0,  63.59415616840124
15.615230060004965,  0.793136781054,  0.589645254075,  1.0,  218.75112283229828,  0.297245045916,  0.297245045916,  1.0,  52.91730968654156
22.638034095214465,  0.417593040116,  0.337912087912,  1.0,  211.26070702821016,  0.297245045916,  0.297245045916,  1.0,  54.31506112217903
32.81927872511471,  0.315128081199,  0.302657480315,  1.0,  219.5778465718031,  0.297245045916,  0.297245045916,  1.0,  48.53841457515955
47.579443140094135,  0.297245045916,  0.297245045916,  1.0,  230.9345464333892,  0.297245045916,  0.297245045916,  1.0,  45.76364525407553
68.97785379387658,  0.297245045916,  0.297245045916,  1.0,  210.98918029665947,  0.297245045916,  0.297245045916,  1.0,  53.49490675330162
100.0,  0.297245045916,  0.297245045916,  1.0,  217.44249188899994,  0.297245045916,  0.297245045916,  1.0,  55.36101131886244
